22,6
26,1
29,3
32,7
28,9
33,1
31,8
30,2
33,2
35,0
34,4
33,0
34,2
33,2
33,5
34,0
31,9
28,0
28,1
29,7
31,2
33,5
35,7
38,2
24,1
30,6
34,2
35,9
34,9
33,7
32,8
37,1
31,8
29,5
31,1
34,3
34,3
33,6
35,2
35,7
35,6
34,7
31,6
33,1
35,1
37,0
36,2
0
0
26,4
24,5
25,2
28,2
31,4
28,3
32,6
0
0
20,3
18,8
22,3
22,0
26,0
24,8
28,4
28,0
28,2
29,3
30,1
28,5
27,7
29,8
30,0
30,6
30,9
18,5
23,0
24,3
25,4
23,3
28,0
19,3
25,3
28,1
27,6
23,5
21,6
20,2
20,6
26,9
26,7
22,1
28,9
31,7
32,3
30,8
30,7
29,8
30,2
29,9
31,0
30,3
20,5
24,5
23,5
26,7
21,8
23,8
17,9
22,4
23,8
22,3
18,9
26,1
26,3
25,6
22,7
24,6
22,0
19,7
11,3
14,8
18,8
11,6
12,7
16,2
18,4
20,0
19,2
21,1
20,6
22,3
21,2
18,2
18,9
21,2
17,9
22,8
18,5
21,5
22,5
21,5
16,5
20,4
18,3
15,0
21,0
16,4
25,9
25,7
16,4
16,7
12,9
14,9
15,6
13,6
14,6
17,5
14,4
16,4
16,9
14,3
19,7
18,1
18,0
17,7
15,8
19,7
20,7
23,9
21,7
15,8
14,2
13,0
15,7
8,9
13,6
14,3
16,7
17,9
15,9
18,4
24,2
25,8
13,4
11,8
11,5
8,7
9,4
10,7
13,9
17,6
16,3
20,7
22,7
23,0
17,9
19,5
14,7
13,7
16,9
20,4
21,8
21,7
20,7
16,1
16,5
18,4
18,2
14,3
12,2
16,3
17,9
19,7
18,9
21,4
25,2
27,2
23,1
13,6
12,2
15,1
12,0
12,5
17,4
28,4
30,6
30,3
28,5
26,8
21,7
16,3
18,6
21,2
28,2
18,5
26,6
30,6
31,9
24,5
15,8
13,2
15,4
13,7
8,6
14,5
19,5
24,5
23,9
17,8
16,5
15,9
17,6
20,2
21,5
23,1
17,1
11,2
16,2
19,5
21,6
19,5
22,8
24,8
27,1
27,8
28,0
25,5
25,7
22,1
21,8
21,8
30,0
32,4
31,3
26,9
31,6
32,8
25,2
20,6
23,5
19,2
19,6
12,4
29,3
24,7
27,5
26,0
28,0
22,0
22,8
24,8
27,6
25,4
28,8
31,7
22,9
28,5
25,8
22,9
26,7
28,5
31,2
35,4
27,7
29,6
30,9
30,6
28,3
28,4
31,6
33,9
33,7
34,5
24,9
18,8
21,0
31,6
30,2
33,7
33,0
36,5
24,8
33,9
26,3
28,8
34,4
32,9
28,4
27,2
31,1
33,0
34,2
36,2
36,8
37,1
37,0
31,1
33,7
34,6
35,9
38,0
38,2
38,9
34,2
33,1
36,4
38,5
37,8
36,3
33,7
34,6
28,6
26,2
33,5
36,5
37,2
37,7
33,6
34,0
32,4
26,7
28,1
32,1
33,8
36,6
37,5
37,7
39,5
31,9
36,5
33,4
34,4
0
0
24,7
28,5
33,1
30,4
32,5
33,8
35,4
25,9
28,1
28,5
31,6
28,1
28,6
29,2
23,3
31,0
32,2
29,1
33,8
27,3
24,8
26,6
27,7
30,8
25,3
33,6
30,3
27,5
29,7
30,7
28,1
24,2
24,2
26,7
28,6
29,7
30,0
28,1
19,5
31,8
27,3
30,7
30,4
20,8
23,8
29,5
31,4
32,1
20,7
29,5
30,3
24,3
0
20,8
27,7
0
25,0
28,8
28,5
26,3
28,0
29,0
31,5
32,0
23,0
24,3
25,6
22,1
29,0
29,5
21,4
24,0
23,0
24,2
25,8
22,4
23,9
16,3
16,5
22,6
25,6
28,4
20,4
22,7
22,0
23,6
23,4
24,2
25,6
21,8
20,8
22,2
22,2
23,8
15,3
17,7
23,1
21,4
18,3
21,5
17,0
22,5
23,3
17,5
19,9
22,2
16,0
17,4
24,9
20,2
20,5
19,5
18,5
18,0
19,6
11,8
13,8
16,2
14,7
18,6
21,0
19,7
18,3
20,3
18,2
18,3
18,5
21,7
21,6
19,8
17,2
13,6
18,0
14,4
18,4
19,0
21,3
17,3
19,5
15,4
15,6
13,8
18,1
12,8
12,4
14,4
17,5
15,7
18,9
14,2
19,0
17,1
18,4
18,2
18,6
17,0
16,4
14,6
12,1
13,1
16,0
11,4
9,4
16,9
15,8
15,3
15,3
20,4
13,8
15,0
20,8
19,1
16,9
18,0
16,1
20,8
20,8
19,2
15,0
11,7
15,8
14,6
10,0
13,0
16,8
17,6
20,2
17,4
18,7
21,7
17,0
17,5
18,4
16,9
17,5
19,0
20,1
17,8
16,7
14,4
18,5
19,4
20,4
23,7
26,7
28,0
30,0
30,1
31,3
25,8
26,1
17,2
10,3
11,0
14,9
17,4
21,4
22,8
24,5
19,9
18,2
19,5
19,6
17,0
19,2
23,2
25,5
20,7
19,1
20,2
21,9
21,7
20,1
21,4
23,9
24,3
23,6
26,5
21,4
22,8
24,6
18,4
24,4
23,1
19,8
22,8
23,1
24,2
18,3
18,9
17,2
18,2
17,3
19,6
20,4
30,2
28,4
22,2
17,4
21,8
25,5
28,7
29,9
29,6
28,3
23,8
26,0
26,4
26,8
31,8
34,3
33,6
32,3
34,3
35,5
35,0
19,5
20,8
25,6
19,6
16,7
12,6
18,0
24,4
26,2
28,4
27,6
28,1
31,5
27,5
32,0
24,3
27,3
31,4
35,6
30,3
33,9
34,6
26,7
26,2
21,3
27,1
32,5
27,2
26,8
30,0
31,3
32,4
22,4
21,4
22,7
25,9
32,6
34,2
33,8
35,9
27,6
31,8
34,1
26,0
26,2
31,1
31,6
27,6
28,4
30,0
32,4
35,0
35,8
28,5
26,4
23,7
28,5
30,3
33,3
30,8
32,5
35,2
36,0
34,9
27,1
25,4
26,9
30,2
28,0
34,9
30,4
32,8
33,8
35,0
33,3
35,2
36,4
27,5
32,8
29,8
32,6
28,2
29,2
27,7
26,4
29,6
30,8
32,8
33,4
35,6
33,4
32,0
25,3
27,4
28,5
31,2
32,9
32,4
32,4
32,9
34,5
35,6
34,8
27,5
31,5
31,6
33,3
31,3
27,8
28,1
29,0
32,2
34,3
29,9
27,3
26,7
29,5
33,5
35,7
37,1
26,4
30,7
31,6
28,0
23,7
33,5
25,6
30,6
32,4
34,2
34,6
34,8
32,5
35,9
35,5
34,2
34,0
27,9
30,3
33,4
37,3
36,0
34,4
34,1
24,6
24,9
26,5
24,8
25,2
25,9
27,9
29,7
31,3
30,2
29,4
32,1
33,4
35,0
31,0
28,2
24,2
28,0
30,6
33,2
33,6
27,5
29,6
34,6
28,5
26,4
22,0
22,1
27,9
28,9
27,6
25,1
27,1
29,4
30,9
31,3
30,7
28,1
24,5
17,8
20,2
18,2
20,7
17,5
22,2
25,3
17,8
17,2
23,0
21,8
22,5
21,8
24,8
24,5
25,7
28,6
28,7
28,5
29,0
26,1
28,2
27,2
21,3
20,3
19,3
21,6
13,5
18,4
20,7
17,7
14,7
22,5
22,1
23,4
23,7
23,3
22,7
22,8
21,7
20,8
21,5
15,5
15,6
19,2
20,1
15,5
18,9
21,8
15,4
13,4
12,5
16,2
20,5
12,6
13,0
17,2
15,4
20,6
18,1
18,1
20,2
19,8
10,0
16,4
12,6
12,5
14,5
18,0
20,8
19,1
18,7
16,1
15,2
16,0
14,1
14,6
16,9
19,3
18,4
19,9
17,9
13,9
14,7
17,9
20,9
20,5
16,3
21,8
23,5
22,5
21,5
19,2
18,4
19,5
19,5
21,0
19,5
18,0
21,8
18,9
15,0
15,5
15,7
14,8
15,1
11,4
11,5
18,3
18,1
16,8
19,5
14,5
13,4
20,2
19,6
14,3
15,8
19,4
21,1
19,4
25,8
24,6
25,1
22,9
11,4
15,4
18,4
22,3
22,8
22,5
17,4
21,2
13,2
15,3
13,4
18,8
23,3
25,3
23,9
18,0
21,6
20,3
23,9
20,2
15,8
12,2
15,2
18,1
17,6
22,0
24,9
23,1
19,3
22,2
14,2
14,1
16,4
19,2
18,4
15,9
20,9
21,8
17,8
17,7
17,5
21,5
23,4
24,6
19,6
17,7
20,8
23,6
20,2
25,7
28,0
25,3
17,4
13,7
22,8
24,8
27,5
30,6
24,0
23,1
22,9
23,8
23,6
25,6
24,1
27,3
29,5
30,3
28,9
18,5
29,8
30,1
22,0
25,5
32,4
31,9
31,8
25,0
19,2
22,8
24,4
26,7
28,8
27,8
27,0
29,5
28,5
26,0
27,7
29,6
32,7
33,4
29,6
30,5
29,6
25,6
24,9
29,1
22,6
31,5
35,1
37,0
30,5
34,1
27,5
30,0
33,3
27,8
25,0
27,2
29,6
32,1
31,4
28,8
32,4
33,8
35,5
35,8
36,9
36,4
34,2
33,0
31,9
33,2
29,0
25,7
31,5
28,5
30,3
31,4
26,5
27,7
33,3
28,4
32,6
34,3
33,7
33,4
31,3
30,7
30,1
35,4
36,0
36,7
30,0
36,0
29,8
28,8
29,2
23,7
30,0
32,1
28,1
28,9
31,7
33,5
34,3
34,1
35,1
27,1
33,1
34,7
32,8
34,5
37,1
31,1
33,3
35,0
35,2
33,5
29,7
24,5
30,9
33,4
34,9
35,2
35,4
28,9
28,7
28,8
31,6
29,7
27,1
26,8
30,4
27,0
26,2
25,9
27,8
27,7
25,6
24,4
26,3
26,9
28,9
31,1
33,4
35,3
35,4
27,1
22,0
25,5
26,4
30,3
31,1
26,2
24,6
26,2
29,3
30,2
33,4
33,5
34,9
21,5
24,0
29,2
20,1
19,8
24,9
28,7
23,1
23,0
19,7
22,9
22,7
22,8
26,0
30,9
25,0
21,3
21,7
18,6
26,4
23,5
24,9
27,1
17,7
16,0
16,2
14,0
17,8
17,3
18,1
20,5
21,1
18,1
23,3
18,4
13,5
17,7
18,8
22,6
20,7
17,5
17,7
17,7
18,9
12,9
14,3
14,5
16,3
15,9
20,0
14,9
16,7
19,9
18,6
19,6
17,9
16,2
20,0
16,3
14,9
14,1
16,5
15,6
18,6
10,8
13,9
17,0
0
0
13,0
11,2
16,1
18,3
16,3
19,6
19,6
19,2
20,3
20,3
15,2
13,6
14,7
17,3
18,8
13,8
14,8
11,5
14,5
10,5
18,8
13,3
13,1
11,2
12,5
13,5
14,0
17,8
21,6
22,8
19,3
15,3
16,8
18,3
16,5
15,7
16,1
12,9
12,3
11,6
16,2
14,3
16,7
17,4
19,3
13,6
10,4
11,3
13,6
14,5
17,7
17,8
14,0
14,9
16,2
19,3
20,6
20,4
21,6
22,0
19,1
21,4
22,6
21,4
24,2
24,3
21,7
21,4
20,3
20,9
21,3
16,9
15,4
16,6
25,2
25,4
25,9
29,3
31,1
18,3
12,7
20,1
21,8
21,2
17,1
18,6
14,3
15,2
15,9
16,2
16,7
28,1
28,1
30,6
28,5
18,4
15,8
18,5
22,8
24,0
21,9
18,4
14,7
23,3
24,9
29,2
18,9
22,6
25,3
27,3
29,7
25,5
14,9
13,5
24,8
17,3
25,3
24,2
19,8
22,1
22,0
20,9
28,4
22,2
28,6
30,1
24,3
27,7
20,8
26,1
23,0
17,3
13,0
18,4
22,8
25,7
26,6
24,9
18,3
22,3
19,8
23,6
28,0
29,8
25,1
22,6
21,5
30,5
31,5
34,9
35,3
21,7
22,3
26,6
29,8
27,0
30,4
27,8
32,2
29,2
22,8
21,2
25,5
29,5
28,8
22,6
27,3
31,4
33,6
34,1
23,1
31,3
27,8
32,6
32,2
33,0
35,3
31,8
35,2
31,0
30,7
33,1
28,7
30,7
35,1
31,8
35,5
25,9
27,8
33,4
34,4
38,6
26,5
33,1
34,8
35,8
24,7
32,9
33,3
29,8
32,5
30,5
33,2
34,9
35,5
37,2
33,9
33,0
32,5
30,7
27,6
32,1
36,2
28,1
32,9
30,1
0
35,3
33,3
32,6
20,3
29,8
35,4
35,1
34,5
35,7
37,0
34,1
33,6
32,4
27,7
28,0
31,7
33,8
35,0
37,4
37,3
29,1
31,6
33,1
29,8
20,2
25,7
30,2
31,6
27,7
31,7
31,4
27,9
26,3
29,6
33,3
33,2
35,4
32,2
35,2
37,3
37,9
35,8
35,1
35,8
37,9
36,4
31,3
36,9
32,9
33,6
29,0
29,3
31,5
32,8
28,5
31,0
29,6
27,3
27,0
24,5
31,8
32,2
26,0
23,7
28,1
29,2
30,4
31,1
30,0
32,1
29,7
32,9
33,3
28,7
33,5
31,7
31,4
28,6
32,3
30,4
20,3
28,1
29,2
27,3
30,2
26,3
19,4
21,5
18,9
20,8
22,1
25,5
27,1
24,3
22,2
22,5
24,4
23,1
26,4
24,8
21,0
24,4
22,8
15,8
18,3
25,2
28,1
28,8
30,6
29,4
28,3
26,6
28,5
29,5
26,8
27,9
20,8
20,7
19,5
10,9
13,7
17,6
20,3
21,9
22,5
22,1
16,0
15,6
11,9
20,6
20,8
24,1
22,6
19,1
18,3
15,8
16,6
17,4
18,2
16,3
18,1
19,6
20,3
18,4
16,4
17,1
19,4
13,9
18,7
21,8
17,2
14,8
19,2
22,3
18,8
23,0
21,9
11,4
14,0
15,6
16,6
19,2
23,2
17,8
24,9
21,0
19,2
11,0
16,5
14,9
0
20,6
21,4
22,5
14,7
13,5
12,3
13,9
0
0
0
16,5
0
0
0
12,4
17,4
17,9
18,4
20,1
19,6
16,8
19,8
17,3
15,8
24,8
26,2
17,2
13,0
13,4
15,0